neighbours =

     1     3     5     7     9    11    13    15    17


accuracy =

   94.8000   95.8200   95.8000   95.6600   95.2000   95.3400   95.2400   95.1800   95.0000

    "The maximum accuracy is coming with neighbours :-"    "5"

    "accuracy on the test data is :-"    "95.995"