neighbours =

     1     3     5     7     9    11    13    15    17


accuracy =

   94.6200   95.8200   96.0800   95.7600   95.3600   95.4000   95.2200   95.2000   95.1400

    "The maximum accuracy is coming with neighbours :-"    "7"

    "accuracy on the test data is :-"    "95.6195"